1  10  10  1  0
1  11  10  0  0
1  12  10  0  0
1  13  10  0  0
1  14  10  0  0
1  15  10  0  0
1  16  10  0  0
1  17  10  0  0
1  18  10  0  0
1  19  10  0  0
1  20  10  0  0
1  21  10  0  0
1  22  10  0  0
1  23  10  0  0
1  24  10  0  0
1  25  10  0  0
1  26  10  0  0
1  27  10  0  0
1  28  10  0  0
1  29  10  0  0
1  30  10  0  0
1  31  10  0  0
1  32  10  0  0
1  33  10  0  0
1  34  10  0  0
1  35  10  0  0
1  36  10  0  0
1  37  10  0  0
1  38  10  0  0
1  39  10  0  0
1  40  10  0  0
1  41  10  0  0
1  42  10  0  0
1  43  10  0  0
1  44  10  2  1
2  44  9  3  1
2  43  9  0  0
2  42  9  0  0
2  41  9  0  0
2  40  9  0  0
2  39  9  0  0
2  38  9  0  0
2  37  9  0  0
2  36  9  0  0
2  35  9  0  0
2  34  9  0  0
2  33  9  0  0
2  32  9  0  0
2  31  9  0  0
2  30  9  0  0
2  29  9  0  0
2  28  9  0  0
2  27  9  0  0
2  26  9  0  0
2  25  9  0  0
2  24  9  0  0
2  23  9  0  0
2  22  9  0  0
2  21  9  0  0
2  20  9  0  0
2  19  9  0  0
2  18  9  0  0
2  17  9  0  0
2  16  9  0  0
2  15  9  0  0
2  14  9  0  0
2  13  9  0  0
2  12  9  0  0
2  11  9  0  0
2  10  9  1  0
3  45  11  3  1
3  45  12  0  0
3  45  13  0  0
3  45  14  0  0
3  45  15  0  0
3  45  16  0  0
3  45  17  0  0
3  45  18  0  0
3  45  19  0  0
3  45  20  0  0
3  45  21  0  0
3  45  22  0  0
3  45  23  0  0
3  45  24  0  0
3  45  25  0  0
3  45  26  0  0
3  45  27  0  0
3  45  28  0  0
3  45  29  0  0
3  45  30  0  0
3  45  31  0  0
3  45  32  0  0
3  45  33  0  0
3  45  34  0  0
3  45  35  1  0
4  46  35  1  0
4  46  34  0  0
4  46  33  0  0
4  46  32  0  0
4  46  31  0  0
4  46  30  0  0
4  46  29  0  0
4  46  28  0  0
4  46  27  0  0
4  46  26  0  0
4  46  25  0  0
4  46  24  0  0
4  46  23  0  0
4  46  22  0  0
4  46  21  0  0
4  46  20  0  0
4  46  19  0  0
4  46  18  0  0
4  46  17  0  0
4  46  16  0  0
4  46  15  0  0
4  46  14  0  0
4  46  13  0  0
4  46  12  0  0
4  46  11  2  1
5  47  10  3  1
5  48  10  0  0
5  49  10  0  0
5  50  10  0  0
5  51  10  0  0
5  52  10  0  0
5  53  10  0  0
5  54  10  0  0
5  55  10  0  0
5  56  10  0  0
5  57  10  0  0
5  58  10  0  0
5  59  10  0  0
5  60  10  0  0
5  61  10  0  0
5  62  10  0  0
5  63  10  0  0
5  64  10  0  0
5  65  10  0  0
5  66  10  0  0
5  67  10  2  2
6  66  9  3  2
6  65  9  0  0
6  64  9  0  0
6  63  9  0  0
6  62  9  0  0
6  61  9  0  0
6  60  9  0  0
6  59  9  0  0
6  58  9  0  0
6  57  9  0  0
6  56  9  0  0
6  55  9  0  0
6  54  9  0  0
6  53  9  0  0
6  52  9  0  0
6  51  9  0  0
6  50  9  0  0
6  49  9  0  0
6  48  9  0  0
6  47  9  2  1
7  45  1  1  0
7  45  2  0  0
7  45  3  0  0
7  45  4  0  0
7  45  5  0  0
7  45  6  0  0
7  45  7  0  0
7  45  8  2  1
8  46  8  3  1
8  46  7  0  0
8  46  6  0  0
8  46  5  0  0
8  46  4  0  0
8  46  3  0  0
8  46  2  0  0
8  46  1  1  0
9  70  12  3  2
9  71  13  0  0
9  72  14  0  0
9  73  15  0  0
9  74  16  0  0
9  75  17  0  0
9  76  18  0  0
9  77  19  0  0
9  78  20  0  0
9  79  21  0  0
9  80  22  1  0
10  81  21  1  0
10  80  20  0  0
10  79  19  0  0
10  78  18  0  0
10  77  17  0  0
10  76  16  0  0
10  75  15  0  0
10  74  14  0  0
10  73  13  0  0
10  72  12  0  0
10  71  11  2  2
11  68  2  1  0
11  68  3  0  0
11  68  4  0  0
11  68  5  0  0
11  68  6  2  2
12  69  6  3  2
12  69  5  0  0
12  69  4  0  0
12  69  3  0  0
12  69  2  1  0
0  0  0  0  0