1  1  3  1  0
1  2  3  0  0
1  3  3  0  0
1  5  3  0  0
1  7  3  0  0
1  10  4  0  0
1  15  4  0  0
1  20  4  0  0
1  25  4  0  0
1  30  5  0  0
1  35  5  0  0
1  40  6  0  0
1  45  6  0  0
1  49  7  0  0
1  51  7  0  0
1  53  7  0  0
1  54  7  2  1
2  54  5  3  1
2  53  4  0  0
2  52  4  0  0
2  49  4  0  0
2  45  4  0  0
2  40  3  0  0
2  35  3  0  0
2  30  3  0  0
2  25  3  0  0
2  20  2  0  0
2  15  2  0  0
2  10  2  0  0
2  7  1  0  0
2  5  1  0  0
2  3  1  0  0
2  2  1  0  0
2  1  1  1  0
3  56  8  3  1
3  56  9  0  0
3  56  10  0  0
3  57  12  0  0
3  57  16  0  0
3  58  20  0  0
3  60  25  0  0
3  60  30  0  0
3  62  35  0  0
3  62  40  0  0
3  63  42  0  0
3  63  44  0  0
3  63  45  0  0
3  63  46  0  0
3  63  47  2  2
4  66  47  3  2
4  66  46  0  0
4  66  45  0  0
4  66  44  0  0
4  65  42  0  0
4  65  40  0  0
4  64  35  0  0
4  64  30  0  0
4  63  25  0  0
4  61  20  0  0
4  60  15  0  0
4  58  13  0  0
4  58  10  0  0
4  58  9  0  0
4  58  8  2  1
5  58  8  3  1
5  59  8  0  0
5  60  8  0  0
5  62  8  0  0
5  65  8  0  0
5  70  8  0  0
5  75  8  0  0
5  80  8  0  0
5  85  8  0  0
5  90  8  0  0
5  95  9  0  0
5  100  9  0  0
5  105  9  0  0
5  110  9  0  0
5  115  9  0  0
5  120  10  0  0
5  125  10  0  0
5  130  10  0  0
5  135  10  0  0
5  140  10  0  0
5  145  10  0  0
5  150  10  0  0
5  155  11  0  0
5  160  11  0  0
5  165  12  0  0
5  170  12  0  0
5  175  13  0  0
5  180  14  0  0
5  185  14  0  0
5  190  15  0  0
5  195  16  0  0
5  200  17  0  0
5  205  17  0  0
5  210  18  0  0
5  215  18  0  0
5  220  19  0  0
5  225  19  0  0
5  230  19  0  0
5  235  20  0  0
5  240  20  0  0
5  245  20  0  0
5  250  20  0  0
5  255  20  0  0
5  260  20  0  0
5  265  20  0  0
5  270  21  0  0
5  275  23  0  0
5  280  25  0  0
5  285  26  0  0
5  290  28  0  0
5  294  30  0  0
5  297  32  0  0
5  299  33  0  0
5  300  34  0  0
5  301  34  0  0
5  302  35  0  0
5  303  35  2  7
6  303  33  3  7
6  302  32  0  0
6  301  32  0  0
6  300  32  0  0
6  298  31  0  0
6  296  30  0  0
6  293  27  0  0
6  290  26  0  0
6  285  24  0  0
6  280  22  0  0
6  275  20  0  0
6  270  19  0  0
6  265  18  0  0
6  260  18  0  0
6  255  18  0  0
6  250  18  0  0
6  245  18  0  0
6  240  18  0  0
6  235  18  0  0
6  230  17  0  0
6  225  17  0  0
6  220  17  0  0
6  215  16  0  0
6  210  16  0  0
6  205  15  0  0
6  200  15  0  0
6  195  14  0  0
6  190  13  0  0
6  185  12  0  0
6  180  12  0  0
6  175  11  0  0
6  170  10  0  0
6  165  10  0  0
6  160  9  0  0
6  155  9  0  0
6  150  8  0  0
6  145  8  0  0
6  140  8  0  0
6  135  8  0  0
6  130  8  0  0
6  125  8  0  0
6  120  8  0  0
6  115  8  0  0
6  110  8  0  0
6  105  7  0  0
6  100  7  0  0
6  95  7  0  0
6  90  6  0  0
6  85  6  0  0
6  80  6  0  0
6  75  6  0  0
6  70  6  0  0
6  65  5  0  0
6  62  5  0  0
6  60  5  0  0
6  59  5  0  0
6  58  5  2  1
7  66  56  3  2
7  67  57  0  0
7  67  58  0  0
7  67  60  0  0
7  68  62  0  0
7  68  65  0  0
7  69  70  0  0
7  70  75  0  0
7  71  80  0  0
7  72  85  0  0
7  73  90  0  0
7  74  95  0  0
7  75  100  0  0
7  76  105  0  0
7  76  110  0  0
7  77  115  0  0
7  78  120  0  0
7  79  125  0  0
7  80  130  0  0
7  81  135  0  0
7  82  140  0  0
7  83  145  0  0
7  85  150  0  0
7  86  155  0  0
7  87  160  0  0
7  89  165  0  0
7  89  167  0  0
7  90  170  0  0
7  91  172  0  0
7  91  173  0  0
7  91  174  2  3
8  93  174  3  3
8  93  173  0  0
8  93  172  0  0
8  92  170  0  0
8  92  168  0  0
8  91  165  0  0
8  90  160  0  0
8  88  155  0  0
8  87  150  0  0
8  86  145  0  0
8  85  140  0  0
8  83  135  0  0
8  82  130  0  0
8  81  125  0  0
8  80  120  0  0
8  79  115  0  0
8  78  110  0  0
8  77  105  0  0
8  77  100  0  0
8  76  95  0  0
8  75  90  0  0
8  74  85  0  0
8  74  80  0  0
8  73  75  0  0
8  71  70  0  0
8  70  67  0  0
8  70  64  0  0
8  69  61  0  0
8  69  58  0  0
8  69  57  0  0
8  69  56  2  2
9  70  55  3  2
9  71  56  0  0
9  72  57  0  0
9  75  57  0  0
9  80  58  0  0
9  85  60  0  0
9  90  62  0  0
9  95  65  0  0
9  100  66  0  0
9  105  68  0  0
9  110  70  0  0
9  115  72  0  0
9  120  74  0  0
9  125  77  0  0
9  130  78  0  0
9  135  81  0  0
9  140  83  0  0
9  145  85  0  0
9  150  88  0  0
9  155  90  0  0
9  160  93  0  0
9  165  96  0  0
9  170  100  0  0
9  174  106  0  0
9  175  108  0  0
9  175  110  0  0
9  176  111  0  0
9  177  112  2  6
10  180  112  3  6
10  179  111  0  0
10  178  110  0  0
10  177  108  0  0
10  175  105  0  0
10  173  100  0  0
10  168  96  0  0
10  165  93  0  0
10  160  90  0  0
10  155  88  0  0
10  150  85  0  0
10  145  83  0  0
10  140  81  0  0
10  135  78  0  0
10  130  77  0  0
10  125  75  0  0
10  120  72  0  0
10  115  70  0  0
10  110  68  0  0
10  105  65  0  0
10  100  64  0  0
10  95  62  0  0
10  90  60  0  0
10  85  58  0  0
10  80  57  0  0
10  77  56  0  0
10  75  56  0  0
10  73  55  0  0
10  71  54  0  0
10  70  53  0  0
10  69  53  2  2
61  178  118  3  6
61  178  119  0  0
61  178  120  0  0
61  179  122  0  0
61  179  125  0  0
61  180  128  0  0
61  180  130  0  0
61  180  135  0  0
61  180  140  0  0
61  180  145  0  0
61  181  150  0  0
61  180  153  0  0
61  179  156  0  0
61  179  158  0  0
61  179  160  0  0
61  179  161  0  0
61  179  162  2  4
62  182  162  3  4
62  182  161  0  0
62  182  160  0  0
62  183  158  0  0
62  183  155  0  0
62  183  150  0  0
62  183  145  0  0
62  183  140  0  0
62  183  135  0  0
62  183  130  0  0
62  182  127  0  0
62  181  125  0  0
62  181  123  0  0
62  181  121  0  0
62  180  119  0  0
62  180  118  0  0
62  179  117  2  6
59  181  116  3  6
59  182  116  0  0
59  183  116  0  0
59  186  116  0  0
59  190  115  0  0
59  195  114  0  0
59  200  112  0  0
59  205  111  0  0
59  210  110  0  0
59  215  108  0  0
59  220  107  0  0
59  225  105  0  0
59  230  101  0  0
59  235  96  0  0
59  240  93  0  0
59  245  87  0  0
59  250  83  0  0
59  255  77  0  0
59  260  74  0  0
59  265  68  0  0
59  270  64  0  0
59  275  59  0  0
59  280  55  0  0
59  285  50  0  0
59  290  47  0  0
59  295  43  0  0
59  300  40  0  0
59  302  39  0  0
59  304  38  0  0
59  305  37  2  7
60  304  36  3  7
60  303  36  0  0
60  302  37  0  0
60  300  38  0  0
60  297  40  0  0
60  293  43  0  0
60  290  44  0  0
60  285  48  0  0
60  280  52  0  0
60  275  56  0  0
60  270  61  0  0
60  265  65  0  0
60  260  71  0  0
60  255  74  0  0
60  250  80  0  0
60  245  84  0  0
60  240  90  0  0
60  235  93  0  0
60  230  98  0  0
60  225  102  0  0
60  220  105  0  0
60  215  107  0  0
60  210  108  0  0
60  205  110  0  0
60  200  110  0  0
60  195  112  0  0
60  190  113  0  0
60  188  113  0  0
60  186  114  0  0
60  184  114  0  0
60  183  114  0  0
60  182  114  0  0
60  181  115  2  6
56  310  34  3  7
56  310  33  0  0
56  310  32  0  0
56  311  30  0  0
56  311  27  0  0
56  312  24  0  0
56  312  20  0  0
56  313  16  0  0
56  313  12  0  0
56  313  8  0  0
56  313  6  0  0
56  313  4  0  0
56  313  3  0  0
56  313  2  1  0
55  311  2  1  0
55  311  3  0  0
55  311  4  0  0
55  311  6  0  0
55  311  8  0  0
55  310  10  0  0
55  310  14  0  0
55  309  18  0  0
55  309  22  0  0
55  308  24  0  0
55  308  28  0  0
55  308  30  0  0
55  308  32  0  0
55  308  33  0  0
55  308  34  2  7
57  311  38  3  7
57  312  38  0  0
57  313  38  0  0
57  315  39  0  0
57  317  39  0  0
57  320  40  0  0
57  325  42  0  0
57  330  44  0  0
57  335  45  0  0
57  340  46  0  0
57  345  47  0  0
57  350  47  0  0
57  355  47  0  0
57  360  48  0  0
57  365  48  0  0
57  370  48  0  0
57  375  48  0  0
57  380  48  0  0
57  385  48  0  0
57  390  49  0  0
57  395  50  0  0
57  400  50  0  0
57  402  51  0  0
57  404  51  0  0
57  405  51  1  0
58  405  49  1  0
58  404  49  0  0
58  402  49  0  0
58  400  48  0  0
58  395  48  0  0
58  390  47  0  0
58  385  46  0  0
58  380  46  0  0
58  375  46  0  0
58  370  46  0  0
58  365  46  0  0
58  360  45  0  0
58  355  45  0  0
58  350  44  0  0
58  345  44  0  0
58  340  43  0  0
58  335  43  0  0
58  330  41  0  0
58  325  40  0  0
58  320  38  0  0
58  317  38  0  0
58  315  37  0  0
58  314  36  0  0
58  313  36  0  0
58  312  36  2  7
53  308  39  3  7
53  308  40  0  0
53  308  41  0  0
53  308  44  0  0
53  307  47  0  0
53  307  50  0  0
53  307  55  0  0
53  307  60  0  0
53  307  65  0  0
53  307  70  0  0
53  307  75  0  0
53  306  80  0  0
53  306  85  0  0
53  306  90  0  0
53  306  95  0  0
53  307  100  0  0
53  308  105  0  0
53  308  110  0  0
53  308  115  0  0
53  309  120  0  0
53  309  125  0  0
53  310  130  0  0
53  311  135  0  0
53  312  140  0  0
53  312  145  0  0
53  312  148  0  0
53  312  150  0  0
53  313  152  0  0
53  313  153  0  0
53  313  154  2  5
54  316  154  3  5
54  316  153  0  0
54  316  152  0  0
54  316  150  0  0
54  316  147  0  0
54  316  143  0  0
54  315  140  0  0
54  314  135  0  0
54  313  130  0  0
54  311  125  0  0
54  311  120  0  0
54  310  115  0  0
54  310  110  0  0
54  309  105  0  0
54  308  100  0  0
54  308  95  0  0
54  308  90  0  0
54  308  85  0  0
54  308  80  0  0
54  308  75  0  0
54  308  70  0  0
54  308  65  0  0
54  308  60  0  0
54  309  55  0  0
54  309  50  0  0
54  309  47  0  0
54  309  44  0  0
54  310  42  0  0
54  310  41  0  0
54  310  40  0  0
54  310  39  2  7